56 0.263341 0.694872 0.525721 0.610256
56 0.136298 0.364904 0.063462 0.084936
56 0.340264 0.334295 0.043510 0.083974
62 0.253005 0.348237 0.157452 0.132372
62 0.596875 0.254167 0.100962 0.072436
62 0.813221 0.318910 0.135096 0.150000
62 0.884976 0.286859 0.041106 0.077564
0 0.629928 0.249038 0.090625 0.138462
0 0.758173 0.282051 0.069712 0.173718
56 0.638462 0.325641 0.098558 0.138462
63 0.910216 0.335897 0.077644 0.101282
39 0.958654 0.333814 0.039423 0.083013
66 0.773678 0.381410 0.091587 0.030769
