0 0.059135 0.258494 0.072115 0.158013
0 0.508894 0.364263 0.362019 0.633654
56 0.608173 0.423878 0.239423 0.490064
56 0.889663 0.229968 0.132692 0.240705
56 0.924159 0.200481 0.080529 0.177885
39 0.793149 0.156090 0.015625 0.053846
39 0.299880 0.246955 0.029567 0.078526
39 0.247957 0.256250 0.028125 0.061859
24 0.804327 0.149199 0.044231 0.073397
63 0.405649 0.264583 0.151202 0.125962
62 0.126562 0.252083 0.129567 0.125962
62 0.185938 0.238141 0.042067 0.083974
62 0.772957 0.151923 0.040144 0.064103
73 0.852764 0.029808 0.046394 0.057692
