0 0.165385 0.074519 0.106250 0.148397
56 0.066106 0.370513 0.131250 0.431410
56 0.220433 0.494551 0.286058 0.629487
56 0.777163 0.689103 0.439423 0.621795
56 0.484856 0.116186 0.095192 0.118910
24 0.489904 0.532372 0.096154 0.229487
62 0.465865 0.214423 0.094712 0.234615
62 0.871755 0.191667 0.163702 0.189103
62 0.207933 0.041506 0.065865 0.082372
66 0.196755 0.065064 0.046394 0.018590
56 0.752764 0.169391 0.063702 0.122115
56 0.971875 0.157051 0.050481 0.111538
66 0.125841 0.244391 0.096875 0.036218
64 0.899760 0.245353 0.030288 0.027885
